A = [ 0.000296296  0.000148148  -7.40741e-05  0.000148148  7.40741e-05  -3.7037e-05  -7.40741e-05  -3.7037e-05  1.85185e-05  0.000148148  7.40741e-05  -3.7037e-05  7.40741e-05  3.7037e-05  -1.85185e-05  -3.7037e-05  -1.85185e-05  9.25926e-06  -7.40741e-05  -3.7037e-05  1.85185e-05  -3.7037e-05  -1.85185e-05  9.25926e-06  1.85185e-05  9.25926e-06  -4.62963e-06 
 0.000148148  0.00118519  0.000148148  7.40741e-05  0.000592593  7.40741e-05  -3.7037e-05  -0.000296296  -3.7037e-05  7.40741e-05  0.000592593  7.40741e-05  3.7037e-05  0.000296296  3.7037e-05  -1.85185e-05  -0.000148148  -1.85185e-05  -3.7037e-05  -0.000296296  -3.7037e-05  -1.85185e-05  -0.000148148  -1.85185e-05  9.25926e-06  7.40741e-05  9.25926e-06 
 -7.40741e-05  0.000148148  0.000296296  -3.7037e-05  7.40741e-05  0.000148148  1.85185e-05  -3.7037e-05  -7.40741e-05  -3.7037e-05  7.40741e-05  0.000148148  -1.85185e-05  3.7037e-05  7.40741e-05  9.25926e-06  -1.85185e-05  -3.7037e-05  1.85185e-05  -3.7037e-05  -7.40741e-05  9.25926e-06  -1.85185e-05  -3.7037e-05  -4.62963e-06  9.25926e-06  1.85185e-05 
 0.000148148  7.40741e-05  -3.7037e-05  0.00118519  0.000592593  -0.000296296  0.000148148  7.40741e-05  -3.7037e-05  7.40741e-05  3.7037e-05  -1.85185e-05  0.000592593  0.000296296  -0.000148148  7.40741e-05  3.7037e-05  -1.85185e-05  -3.7037e-05  -1.85185e-05  9.25926e-06  -0.000296296  -0.000148148  7.40741e-05  -3.7037e-05  -1.85185e-05  9.25926e-06 
 7.40741e-05  0.000592593  7.40741e-05  0.000592593  0.00474074  0.000592593  7.40741e-05  0.000592593  7.40741e-05  3.7037e-05  0.000296296  3.7037e-05  0.000296296  0.00237037  0.000296296  3.7037e-05  0.000296296  3.7037e-05  -1.85185e-05  -0.000148148  -1.85185e-05  -0.000148148  -0.00118519  -0.000148148  -1.85185e-05  -0.000148148  -1.85185e-05 
 -3.7037e-05  7.40741e-05  0.000148148  -0.000296296  0.000592593  0.00118519  -3.7037e-05  7.40741e-05  0.000148148  -1.85185e-05  3.7037e-05  7.40741e-05  -0.000148148  0.000296296  0.000592593  -1.85185e-05  3.7037e-05  7.40741e-05  9.25926e-06  -1.85185e-05  -3.7037e-05  7.40741e-05  -0.000148148  -0.000296296  9.25926e-06  -1.85185e-05  -3.7037e-05 
 -7.40741e-05  -3.7037e-05  1.85185e-05  0.000148148  7.40741e-05  -3.7037e-05  0.000296296  0.000148148  -7.40741e-05  -3.7037e-05  -1.85185e-05  9.25926e-06  7.40741e-05  3.7037e-05  -1.85185e-05  0.000148148  7.40741e-05  -3.7037e-05  1.85185e-05  9.25926e-06  -4.62963e-06  -3.7037e-05  -1.85185e-05  9.25926e-06  -7.40741e-05  -3.7037e-05  1.85185e-05 
 -3.7037e-05  -0.000296296  -3.7037e-05  7.40741e-05  0.000592593  7.40741e-05  0.000148148  0.00118519  0.000148148  -1.85185e-05  -0.000148148  -1.85185e-05  3.7037e-05  0.000296296  3.7037e-05  7.40741e-05  0.000592593  7.40741e-05  9.25926e-06  7.40741e-05  9.25926e-06  -1.85185e-05  -0.000148148  -1.85185e-05  -3.7037e-05  -0.000296296  -3.7037e-05 
 1.85185e-05  -3.7037e-05  -7.40741e-05  -3.7037e-05  7.40741e-05  0.000148148  -7.40741e-05  0.000148148  0.000296296  9.25926e-06  -1.85185e-05  -3.7037e-05  -1.85185e-05  3.7037e-05  7.40741e-05  -3.7037e-05  7.40741e-05  0.000148148  -4.62963e-06  9.25926e-06  1.85185e-05  9.25926e-06  -1.85185e-05  -3.7037e-05  1.85185e-05  -3.7037e-05  -7.40741e-05 
 0.000148148  7.40741e-05  -3.7037e-05  7.40741e-05  3.7037e-05  -1.85185e-05  -3.7037e-05  -1.85185e-05  9.25926e-06  0.00118519  0.000592593  -0.000296296  0.000592593  0.000296296  -0.000148148  -0.000296296  -0.000148148  7.40741e-05  0.000148148  7.40741e-05  -3.7037e-05  7.40741e-05  3.7037e-05  -1.85185e-05  -3.7037e-05  -1.85185e-05  9.25926e-06 
 7.40741e-05  0.000592593  7.40741e-05  3.7037e-05  0.000296296  3.7037e-05  -1.85185e-05  -0.000148148  -1.85185e-05  0.000592593  0.00474074  0.000592593  0.000296296  0.00237037  0.000296296  -0.000148148  -0.00118519  -0.000148148  7.40741e-05  0.000592593  7.40741e-05  3.7037e-05  0.000296296  3.7037e-05  -1.85185e-05  -0.000148148  -1.85185e-05 
 -3.7037e-05  7.40741e-05  0.000148148  -1.85185e-05  3.7037e-05  7.40741e-05  9.25926e-06  -1.85185e-05  -3.7037e-05  -0.000296296  0.000592593  0.00118519  -0.000148148  0.000296296  0.000592593  7.40741e-05  -0.000148148  -0.000296296  -3.7037e-05  7.40741e-05  0.000148148  -1.85185e-05  3.7037e-05  7.40741e-05  9.25926e-06  -1.85185e-05  -3.7037e-05 
 7.40741e-05  3.7037e-05  -1.85185e-05  0.000592593  0.000296296  -0.000148148  7.40741e-05  3.7037e-05  -1.85185e-05  0.000592593  0.000296296  -0.000148148  0.00474074  0.00237037  -0.00118519  0.000592593  0.000296296  -0.000148148  7.40741e-05  3.7037e-05  -1.85185e-05  0.000592593  0.000296296  -0.000148148  7.40741e-05  3.7037e-05  -1.85185e-05 
 3.7037e-05  0.000296296  3.7037e-05  0.000296296  0.00237037  0.000296296  3.7037e-05  0.000296296  3.7037e-05  0.000296296  0.00237037  0.000296296  0.00237037  0.018963  0.00237037  0.000296296  0.00237037  0.000296296  3.7037e-05  0.000296296  3.7037e-05  0.000296296  0.00237037  0.000296296  3.7037e-05  0.000296296  3.7037e-05 
 -1.85185e-05  3.7037e-05  7.40741e-05  -0.000148148  0.000296296  0.000592593  -1.85185e-05  3.7037e-05  7.40741e-05  -0.000148148  0.000296296  0.000592593  -0.00118519  0.00237037  0.00474074  -0.000148148  0.000296296  0.000592593  -1.85185e-05  3.7037e-05  7.40741e-05  -0.000148148  0.000296296  0.000592593  -1.85185e-05  3.7037e-05  7.40741e-05 
 -3.7037e-05  -1.85185e-05  9.25926e-06  7.40741e-05  3.7037e-05  -1.85185e-05  0.000148148  7.40741e-05  -3.7037e-05  -0.000296296  -0.000148148  7.40741e-05  0.000592593  0.000296296  -0.000148148  0.00118519  0.000592593  -0.000296296  -3.7037e-05  -1.85185e-05  9.25926e-06  7.40741e-05  3.7037e-05  -1.85185e-05  0.000148148  7.40741e-05  -3.7037e-05 
 -1.85185e-05  -0.000148148  -1.85185e-05  3.7037e-05  0.000296296  3.7037e-05  7.40741e-05  0.000592593  7.40741e-05  -0.000148148  -0.00118519  -0.000148148  0.000296296  0.00237037  0.000296296  0.000592593  0.00474074  0.000592593  -1.85185e-05  -0.000148148  -1.85185e-05  3.7037e-05  0.000296296  3.7037e-05  7.40741e-05  0.000592593  7.40741e-05 
 9.25926e-06  -1.85185e-05  -3.7037e-05  -1.85185e-05  3.7037e-05  7.40741e-05  -3.7037e-05  7.40741e-05  0.000148148  7.40741e-05  -0.000148148  -0.000296296  -0.000148148  0.000296296  0.000592593  -0.000296296  0.000592593  0.00118519  9.25926e-06  -1.85185e-05  -3.7037e-05  -1.85185e-05  3.7037e-05  7.40741e-05  -3.7037e-05  7.40741e-05  0.000148148 
 -7.40741e-05  -3.7037e-05  1.85185e-05  -3.7037e-05  -1.85185e-05  9.25926e-06  1.85185e-05  9.25926e-06  -4.62963e-06  0.000148148  7.40741e-05  -3.7037e-05  7.40741e-05  3.7037e-05  -1.85185e-05  -3.7037e-05  -1.85185e-05  9.25926e-06  0.000296296  0.000148148  -7.40741e-05  0.000148148  7.40741e-05  -3.7037e-05  -7.40741e-05  -3.7037e-05  1.85185e-05 
 -3.7037e-05  -0.000296296  -3.7037e-05  -1.85185e-05  -0.000148148  -1.85185e-05  9.25926e-06  7.40741e-05  9.25926e-06  7.40741e-05  0.000592593  7.40741e-05  3.7037e-05  0.000296296  3.7037e-05  -1.85185e-05  -0.000148148  -1.85185e-05  0.000148148  0.00118519  0.000148148  7.40741e-05  0.000592593  7.40741e-05  -3.7037e-05  -0.000296296  -3.7037e-05 
 1.85185e-05  -3.7037e-05  -7.40741e-05  9.25926e-06  -1.85185e-05  -3.7037e-05  -4.62963e-06  9.25926e-06  1.85185e-05  -3.7037e-05  7.40741e-05  0.000148148  -1.85185e-05  3.7037e-05  7.40741e-05  9.25926e-06  -1.85185e-05  -3.7037e-05  -7.40741e-05  0.000148148  0.000296296  -3.7037e-05  7.40741e-05  0.000148148  1.85185e-05  -3.7037e-05  -7.40741e-05 
 -3.7037e-05  -1.85185e-05  9.25926e-06  -0.000296296  -0.000148148  7.40741e-05  -3.7037e-05  -1.85185e-05  9.25926e-06  7.40741e-05  3.7037e-05  -1.85185e-05  0.000592593  0.000296296  -0.000148148  7.40741e-05  3.7037e-05  -1.85185e-05  0.000148148  7.40741e-05  -3.7037e-05  0.00118519  0.000592593  -0.000296296  0.000148148  7.40741e-05  -3.7037e-05 
